        1.040131         0.018153         0.999835          0      1.000 
      358.660034         2.046222        -1.952684          0      1.000 
        0.177612        -0.996895         1.003095          0      1.000 
        0.396118        -2.006866        -0.986149          0      1.000 
        0.214355        -0.996252         1.003734          0      1.000 
      359.354065         1.033757        -2.988536          0      1.000 
      359.489197        -0.991045        -1.008875          0      1.000 
      359.243286        -0.986706        -1.013120          0      1.000 
      359.222046         1.027063        -1.986238          0      1.000 
        0.158112        -0.999996         0.002760          0      1.000 
      359.637512        -1.993633        -1.012633          0      1.000 
      359.232483         1.040096        -2.986336          0      1.000 
        0.279419        -1.004865        -0.995111          0      1.000 
      359.618896        -0.006651         0.999978          0      1.000 
        0.162659        -0.997157         1.002835          0      1.000 
        0.062134        -1.001084        -0.998915          0      1.000 
        0.121521        -2.002116        -0.995756          0      1.000 
      358.726685         1.044196        -1.977284          0      1.000 
      359.104492         1.031136        -1.984127          0      1.000 
        0.154358        -1.002690        -0.997302          0      1.000 
      359.864410        -0.997631        -1.002364          0      1.000 
        0.115356        -2.002009        -0.995971          0      1.000 
      359.931641        -0.998806        -1.001192          0      1.000 
      358.886536         1.038676        -1.980190          0      1.000 
      359.278870        -0.987335        -1.012507          0      1.000 
      359.781494        -1.996172        -1.007620          0      1.000 
      359.429260        -0.999950        -0.009961          0      1.000 
        0.203033        -1.003537        -0.996450          0      1.000 
        0.470062        -0.983558         2.008137          0      1.000 
        0.165863         0.991311        -3.002882          0      1.000 
      359.811890        -0.996711        -1.003278          0      1.000 
      359.320801         1.023638        -1.988006          0      1.000 
      358.385803         1.055942        -1.971037          0      1.000 
        0.389893        -2.006759        -0.986367          0      1.000 
        0.586304        -2.010128        -0.979482          0      1.000 
      359.601318        -0.993018        -1.006934          0      1.000 
      359.529968        -0.991763        -1.008170          0      1.000 
        0.063995        -1.001116        -0.998882          0      1.000 
      359.402100        -0.989510        -1.010381          0      1.000 
      359.508423        -0.991384        -1.008543          0      1.000 
      359.941071        -0.998971        -1.001028          0      1.000 
        0.023346        -1.000407        -0.999592          0      1.000 
      359.666290        -0.994159        -1.005807          0      1.000 
        0.365082        -1.006351        -0.993608          0      1.000 
      358.475708         1.052848        -1.972692          0      1.000 
        0.516907        -0.990938         1.008981          0      1.000 
      359.931519        -1.000000        -0.001195          0      1.000 
      359.266357         1.025526        -1.987032          0      1.000 
      359.878021        -0.997869        -1.002127          0      1.000 
      358.805725         1.041468        -1.978723          0      1.000 
        0.383057         0.006686         0.999978          0      1.000 
      359.695923         1.010600        -1.994665          0      1.000 
      359.828979        -1.997006        -1.005965          0      1.000 
      359.712616        -0.994972        -1.005003          0      1.000 
      359.045837         1.033166        -1.983070          0      1.000 
      358.977722         1.035523        -1.981840          0      1.000 
      359.549622        -0.992109        -1.007830          0      1.000 
      358.818604         1.041023        -1.978957          0      1.000 
      359.298523         1.024411        -1.987607          0      1.000 
        0.122467        -2.002133        -0.995723          0      1.000 
      359.555542        -0.992213        -1.007727          0      1.000 
      358.925659         1.037324        -1.980899          0      1.000 
      359.927155        -0.998728        -1.001271          0      1.000 
      358.792419         1.041927        -1.978481          0      1.000 
        0.230072        -1.004007        -0.995976          0      1.000 
        0.161804         0.002824         0.999996          0      1.000 
        0.643250        -2.011101        -0.977484          0      1.000 
        0.309540        -1.005388        -0.994583          0      1.000 
        0.199860        -1.003482        -0.996506          0      1.000 
      359.753510        -0.995689        -1.004293          0      1.000 
      359.876526        -0.997843        -1.002153          0      1.000 
      359.582825        -0.992692        -1.007254          0      1.000 
        1.702118        -0.969856         1.029262          0      1.000 
        0.789185        -1.013679        -0.986132          0      1.000 
        0.237824        -1.004142        -0.995841          0      1.000 
        0.220886        -0.996137         1.003848          0      1.000 
      358.927307         1.037267        -1.980929          0      1.000 
        0.335266        -1.005834        -0.994131          0      1.000 
      359.433716        -0.999951        -0.009883          0      1.000 
      358.765747         1.042848        -1.977996          0      1.000 
      358.995117         1.034921        -1.982155          0      1.000 
        0.332153         0.005797         0.999983          0      1.000 
        0.295441        -1.005143        -0.994830          0      1.000 
      359.982605        -0.999696        -1.000304          0      1.000 
      357.641724         2.080602        -1.916010          0      1.000 
      358.297058         2.058552        -1.939682          0      1.000 
      358.752380         1.065083        -2.977515          0      1.000 
        0.084503        -0.999999         0.001475          0      1.000 
        1.133392         0.019780         0.999804          0      1.000 
      358.786072         1.042147        -1.978366          0      1.000 
        0.117065        -0.997955         1.002041          0      1.000 
      359.305298         1.024176        -1.987728          0      1.000 
        0.122864        -0.997853         1.002142          0      1.000 
        0.002716        -0.999953         1.000047          0      1.000 
      358.965698         1.035939        -1.981623          0      1.000 
        0.887604        -0.984389         1.015371          0      1.000 
      359.666992        -0.005812         0.999983          0      1.000 
      358.738220         1.043798        -1.977495          0      1.000 
      359.985504         1.000759        -2.999747          0      1.000 
      358.890442         1.038541        -1.980261          0      1.000 
      359.795990        -0.003561         0.999994          0      1.000 
      358.957947         1.036207        -1.981483          0      1.000 
      359.043945         1.049917        -2.982897          0      1.000 
        1.078644        -0.980998         1.018648          0      1.000 
        0.179169         0.003127         0.999995          0      1.000 
      359.397705         1.031480        -2.989322          0      1.000 
      359.420898         2.020112        -1.979684          0      1.000 
      358.274719         1.059761        -1.968986          0      1.000 
      359.455933         2.018901        -1.980919          0      1.000 
      359.225647         2.026847        -1.972788          0      1.000 
        0.687622        -0.987927         1.011929          0      1.000 
      359.384521         1.021426        -1.989143          0      1.000 
      358.232849         1.061200        -1.968211          0      1.000 
        0.406067        -0.992888         1.007062          0      1.000 
      358.488403         1.052411        -1.972925          0      1.000 
      358.562439         1.049860        -1.974283          0      1.000 
      358.343567         1.057395        -1.970258          0      1.000 
        0.181305        -0.996831         1.003159          0      1.000 
      359.042481         0.033422        -1.999721          0      1.000 
      358.553650         1.050163        -1.974122          0      1.000 
      358.677673         2.045621        -1.953314          0      1.000 
        0.930054         0.016232         0.999868          0      1.000 
      358.620422         1.047862        -1.975344          0      1.000 
      358.675903         1.069056        -2.976091          0      1.000 
      358.941101         1.036790        -1.981178          0      1.000 
        0.657379         0.011473         0.999934          0      1.000 
        1.181854        -0.979162         1.020413          0      1.000 
        0.255341         0.004457         0.999990          0      1.000 
        0.490082         0.008553         0.999963          0      1.000 
        0.417450        -0.992688         1.007259          0      1.000 
        0.645447        -0.988672         1.011202          0      1.000 
      359.845428        -1.002694         0.997299          0      1.000 
        0.355927        -0.987557         2.006173          0      1.000 
        0.067535        -0.998821         1.001178          0      1.000 
        0.622650        -0.989074         1.010808          0      1.000 
        0.008850         0.000309         2.000000          0      1.000 
        0.218903         0.003821         0.999993          0      1.000 
        0.377563        -0.993389         1.006568          0      1.000 
        1.161407         0.020269         0.999795          0      1.000 
        1.193634        -0.978952         1.020614          0      1.000 
        0.479187         0.008363         0.999965          0      1.000 
        1.093994        -0.980725         1.018910          0      1.000 
        0.284180         0.004960         0.999988          0      1.000 
        0.355438        -0.993777         1.006184          0      1.000 
        1.264099        -0.977696         1.021818          0      1.000 
        0.574768         0.010031         0.999950          0      1.000 
        0.451843        -0.992083         1.007855          0      1.000 
        0.735565        -0.974242         2.012673          0      1.000 
      359.568909        -1.007496         0.992448          0      1.000 
        0.283752        -0.995035         1.004940          0      1.000 
